$ANSIBLE_VAULT;1.1;AES256
63643339323339653736646339396239393437663732323466656235353262393631326139643563
3563633266323866393436326430336264383366353565630a653961333133653164386430366532
30633761653438666263336137396364353638373734353133376433633362313033346466613235
3165396664316139350a643032633866663266623035633366326139343935373361653263626435
34623932623265633638616464363761333030663234626661373866373763656434633966653336
63346462646164623334366437316463643561656532383331303465633463333963346464353135
64356532373839383733313638326331633962353163633462303761666238306531316436623632
31643066636332366337633439616462623639303731313361383866616534386366303539643363
33393039353634396238376233303536313935343664646136373639303636636664623536623331
35346434353164336261656166366565326261636364363739366235313063313638343138343964
36393631356262623761666664373361636431313861663066623439623036306435316239613732
61623863363438303533616237363761343864323462316438373664623130363836653563363862
34613263336564353233396665363366656436646665643930626533656133623161613438333936
32363864666663633837383561306635353334313034303837363633313061306330323762353264
36386630306430356532383334613935363061343836353831633234316339386234646531303366
36313261393835346232383935386633313338363434386435613739616366633065396262343536
33346362626532383639323763353036653564653139313163653864356336396333346133623465
66623337663164396161393238306132666634366532646139613930383736653465363537336661
37333163326231656337613738613935646561666138643664373237303832613535663261363132
35313961346139383031326233663735383438666565353735636561323765366334343037386561
30343861343864303633316231306362663262316235623161613535386234336565376538316336
36383762313466323033383761333433633434663764363239306663333031316163346638363261
32393433343864393633636233366163333430633863313965333939313365343166643763333865
65303838383438616636326537396636383763653132333531363635666537313832656134643131
62386637366138346164666535383939313239313031306539656239633433376162336136346130
62353839663034636238633764663230353065656363316631623831363862343934336663633164
66326437653965386437643862366461656661356130653931353331333733346635376666323863
32373661343535343462356338333638656436616237373665303762653266386137663838373633
63626361666535626565306333323165616134666330303162623330346432386538303431633637
33366436373535363630306137306465386533393137323233343636313430343232313137616433
64663438333238336333306238313462323166316535363265346234633333306133323036396162
36316165313538316230643732626339316333633539613864363032396533633238313336616464
64383565363961653238356237643336663532383734353632323130383637653265643139613962
66306239653965383962633739636231333635306432343165363264636666323462656464653832
66396162366130363734373766383839376333333431363133653866626532396363396665613563
30623338303032346430643533373761623962653561373434636333656536383036363162633938
33356631636661343930646536373535393462373162336534383466626131303764356332386139
65653665366634323738313738626164373430396433643530326333346262323761323838376266
39323638393864303837323134313563663038306333346164353339613761326635313934343761
61343139663034633837616532643539336332646565646433396539646639633362316131323362
64303362323163306235663731336632633636396130383531396538663630333362633236363865
30343935616431613363353966393039373066636161313165393232613133303634636538386637
30383532636138636266386336333366666639363233306339636438313232323664323464653061
31333465613730336265663963313337333932373262346165356235313664623364366464663964
62323837313866653861626334363938303933613737663836663630323839653265376133333335
63616233643334633965623934636534656238646161383636643238653364343061326135633761
33326165376234333766303330366538623363343266343266303265663961663037363966356530
33663365383233323565343166643865343437633836316337616139313166366161396230666435
32333234643734313161653939356566383233333935363932353839393630323139643233633066
31366363353263303334663964653738613534646434383266383161376137386137356335666135
38653333343135626236376266633164373538333938326561303865383865323364346631353532
65353334643334643030343531346263393431313735343262393238313231653565373966613738
66623863623763353661353262633764356233373830646630313134623666326432383532363830
35343034343531613264366162333266396332333836323762373463663561643562383235656135
37636234313236346563346162326234356231343564616638366561323865353230626361326133
37643464616132363065653430646638383032336665663663653235303634316461333234333331
35333331376265323732323766623731333838393964633861313737383861333036356533616538
38653663396436643937383536326133333738663236343764323138663666306664646562626263
34616330373234336262303439643532613430303837386633313362306338616164383162383432
37333138303630333832623562366635306566343164386432643661636132376662323732336637
32396138383737653933653162343362343437306235636331313432343166323861343464666161
38363762613530373363323464643763616263626462343137316238633366343965633866323731
32323864646363363363613061363637376561366662613866633832343838633338363535653462
39636130326261623038326331353032636265376531343662623832643135343063626433393638
62393165303538653364623038636462326663623866663661376335386665306166396537333431
63653938363836383937383338333639353331343738613438386565623538346332306238386166
65316433393139666561396563383564373961313364396562636436346333623136363130653762
34396266653665373561323366643837346561363332643137646664666634633130373265616337
33626537666636396433396165663630626366643461323638663439313335623639326136303261
36643361656132626230626533376437356165623762343438613438353735623737343966356466
32636166346438616339663366646234613263643239393765316661326662303761626130386532
65633166366562663964323239363132326230363436396434656331303063383839663061636233
64623834323566646463353363623861346432356264316331653365626631366435633465393463
3531623136653964663936626564346432313763653733613538
