$ANSIBLE_VAULT;1.1;AES256
65653962663433636235366239313436303233633533316562303632636239303866346334313934
3665323661623964363636373665303031646464373130650a303634643639363339613036343734
36393563633035653932653632313666636561376331376135633437343161623633626331353636
6532323165303664380a366561643439623039653536643534313565633462393763363964303239
64396230633061323534373539363135313535653730616463663239393861383538326365613439
64633438613635356431356162383464633632363030313734663862356666396136346464386433
31363665383362363730306432313962383836616338346163393963666437623431663235383164
62343765366539373333386262643166333830386134363631333437636563643334313838616636
36626338396634313134336463393264623638393439623363356163343033613833653666636561
38303463333131623939623138666530646666663933616538623431666232343238343237663165
36616433356434643436363066353730313238326335336538383834653738666434636366383665
64386135383639626636363432666630303266333464646436396232373766656434373133313138
63366362356638613832343233303763363934613863373864393434656233626430663835313839
63343366613031303334373333396432663138313330333339623464636236643935333439343638
32333036636363643532303764346439653639653064303037316234323538333738326666303865
31663831363666643763363865333863366238396538363031653839313166323962393365346564
31646637646430343435666630313563376262386232383465663637393263393139633661333539
63383966306137316331646135643037633531636238373062333032373565306561623864613861
34663638306164616139393664313163663233383063643134336434313364343531636231653566
34333739303263303866663761363462663038323031633235336434376362626633633231356338
34333365323537316661633062633838623566336133326362643938333432326438366634616633
39373861316536616463623932613439663433353563633831656334306635376564343461653364
36373261343932303330646634373535323837646665626137666239663466363066663862643433
36343335653739393038353035313432656565356334323764623461653836666239313638663331
33383765656330646332333732626235653531323062646134306538363166636431306633326462
65306666363063363336616338643736356234613036326632306437343136313537333065303536
30623634373330373131386561653062336537363734313433363236623864313338663138366164
61396336376361323937313664313337373734646363383861653235623932393562643264626436
34663164316561373833623536663731333337376537666162633534383134336563333565373065
66366135316565393665333064386338393766386162336165616537623139623639356263343633
39333234386337623734366139656564353735333563636634643635616663386566333932653538
36376437326463646236663636663164613663383566656138353339383833626465663038313235
62323332303562663535373130633431323630633962373937383563313438323861646232303961
31653664303436303138316230656562313834323339373138666134656264613562336431376132
39393036393337376136633633656363303638306662363831303138663436653165303237653665
39333462303763326262663865303663656663356132316634343961633431333362626466316633
35346263633839633439343633376665613832643531663733386331333461626437656238613563
39386665363737386535663532616339393835646533303662383831636638363538323137666663
33326235643538393935653363666163653865633266343832303934666433383164663261613137
65363930366236343261626337393862356134326439363532386464633661386637343463313166
63323062353139393062613831643465313437396366313965623338363762373337343435623464
62376364613661333334326439303165306138633766643835626263666163653336313530653434
36613737636532643862343663353465306335346161613864663933363133326435316434623130
32316135336435333563376336303738373432636537653438326537363330323033613838613366
35353566333436623630613534353765343938626563323334313034313638666366343963386365
36366535366330386166383935306364336531353732643632656161353865313162646230653736
33313837373865346464336632623431626365616262303533623236653833613437626666323833
34353334306335363163323463636334363465393161386264363438393734366534663135666164
31636638653638613037323833613866323564613138663337303734393432616431333638616363
63643130376431636131343930313634613234343839336631306533303064303563653265386231
35646239333231353463376530653535636433373331396163303130663465303931626262313066
63326661353061616266633538356666333465316262643062333136306136376664336439653735
34393533613035396665326536303039626265616162626334313231336236383130643735623637
66663735383231333933346661376336313132303238363432616430303832376232303734393662
39333037336566303136333938373931346562356333616536396235303934363034343131356531
35343561313839613131303536323963323062363264313533656664326566373139343664363761
37396534333938366633653430353731353834376635303061373032393030386636663330313638
32363661663534323138643133646266383834336134633636646364666437623132623163346631
39636562303465633238396137393363343466396264616439343731373832356462363131343262
61326432613937343838393735626138353636666636383037373561343731656363663861366165
39656430643833653130663632343539386533393462666531633966633036623931336237653663
30313732613137373637333961353430643931663761663237353864646436633631346239636638
37356364393139653163376561343032656235643131333935363432626332333130313237323462
30383437323864623031623932323739336361383966333338383233346538346632303062616131
63333836313362346265663261383830656432383539646166353237306262626532643965333564
31376330613230613234653961353161316666303138306564306339643034636166333664333939
66663664653561306431383763393362303836353836316130623239633734336331346666616636
35363261633730343731626436623934323233323739303732346565396334393335376264323932
36393262623962333363356333306464316238393135366566326164303938376235656236303031
64646536306333646161666138613537363431316430336265333365626361383533663238376537
37393932303561346639313864313566386136653834306264353438643032666231383766323964
33373230616138656363643339373734363664336633303536346434376238363361366636646234
62653932616532666662626538663362646439323165366231346136616631323165323935613264
37343935653165386438393262653832343637633438353539333635316261303639616437373536
38353038313031366133633539373164346164396463393339613839313365363565343064643836
36616664663430653333313462343534366166343064666366306435336539333966323264356638
37366666316133316333333165386533613161376463336631623234623136626430343339613465
64323539306465366166313734336136366631323534313035306133323033313235663964326538
36616237663030626530383862663138636230386538383364616236373430373039303337373263
63313732303166613135346362323439633831336338346435623162363836316436323765653661
61393733613334333364316335323766366430333233396364396264353637356139326330306130
66333834633466386334336662366434383762633237393964653835333232333666313462636135
65323233353864356633376532323738626132333031613663636165626339353239636438623536
66646130393134363865383833306136643663626666373539366335636338323062396663363864
36653832363431343662613164333266646166326562396563366663653266643538613763386330
30303765366432393037386665643337336163326463313565343930336236356363343539323064
62666532613364663062643534383231626532646235306136366231383438353864366635346139
62646236353662383237643536623464303765313264616266636531346335366535643938663363
36383536633633393133623332303337323237323765383436653033353437373331376265343039
36613136653738386131656535613063383437353566613261316261643561653234643061383037
66333037333263663664326664333766666437666137346566333563343364616461353361386238
36393238393938343430646336613431633534626535363538373561323730323866396131333164
36313833376532643738326231356336636563663437313165633865343334336166313462353562
38663731366638396535393034363939376136646530333030363430353561356338363039386466
31333061353637616235346663663364626264366537373238393764393930643535306332636536
61333138306332663163353031386662373931303466303961383962306634326138633761333232
31343861383432343939366363613137323766636134663538643830623035666464646337323839
31363531313530306361616630393166626537326530353833633864623039623133396534366662
65363665623133393031623332316634626665646165343734663832343531353134393164393235
63313362373438326262656263373534393334393362323661333230653766313436633138323363
33646262363464656339343262386137303765323363366638623933333264646366316161393537
33363436396633373139343030306564343862343365646234653661343962373931386334663535
35386237323831383866306136633562373532653064396235336631343264666637386466643230
37373866343138393361326336613066666534646535626634333836356134313962333162363238
62363238306531346463633238623531333730633735376534353366316332663761396538653533
61336231626564626233373736333937313838643737613666663333636136616339313035613066
33386464346332363332313430316237323763376637316135323262356162363162383466393439
38363736623731663861353761306132383561306135313139353932626636316563623138353931
36636633643166623138613631336639393563396634346564643362633165663336616433333261
39303837656564363636646130633831363864386261353463633063336133393336336562383264
34636136316239393162636666623365656465313933613538653930336635663133393963323037
32353631653935306537383666333834643735373138343637643134376536366562363361653763
33306466613335636362633736373635303536653737616464373930313734343464313939396534
38336439333639323837613633366164376262326536653735663561633030656230383761653738
31363965356434393863303161303462393864323938303664396361356637623832303031353632
62636662643365383739303639663237363137663263636130353466656566386434346432346435
37666135303438383732373836653539616633643530643938636564306331653836353230623632
33346531383130633339386138616234313130343331623562643461393065643730356330636430
38616138343638643933303038303134366562313762396165626661333832353034333634323566
39376133343562616433396530633133316639323561613238373938643231336539333031643461
34613562386264326330363035623364306266636535313935383830656234656164316665356162
35343536663730343936646330343838303761306365356331646634346164623563653134303032
61303331623733653836383166636236323830646231633266366238363239373932323232623262
30396133336134353766346266333264313636663834383962356166333430383933623137313566
65656530616462616365616463383234356264336664383935666432363165353733356462336161
36333533386337643666626164636530326663346339346433386134323137316236393161666332
61323164393838646435666438393064663833653666333539663833666665636638633265653739
65383632336333633165663733373237663261613239313832653162623365393739346234353231
34346632346132636566343761616463353863376264393834663661643666623062376361663033
33363437636233366530646234353431633962663162363439623062633436306363346532613862
34366337313833373330333462393336316130623937333830333466653633393566333966656333
39636634643539633962306166613733326163396161633730353939313532653837623430636365
31346434363037323666326333373138396661316633633631333832623138623336386134383033
61386638666338323839656231346563366133323564383465333463643933366364623161343034
31396563616362623336323864393166303831646161323333316532316633306434323463363661
61633738353737333335393934323166366236303566313331663262373766663930663932373064
35336337633333353466313630313332616330363836633130646534323937303233346230366361
37366239356239393735363762326562393837626264363039353933613463613763323362303462
62663232373466393530623439646634353266343735333963646338393562623536376135373938
39376133626134306365633933636233383963386138316233303938346336356137353261343536
33373031663537623132306238313732623234396236613630346331313666386363313233666136
33663038613137316533303830336233616636656463376666326266376437333039643962343631
63323639386164613263383163363037333734393034343865343563643762353665656663333935
63646430383232623133623234336534346166393632653165396134663436323761303136356462
31303962623535353137363237386439393434316431623436333734663930363330313332633739
65333231333534303739353132633635666235613831326434336433373538363438613336306263
33363738353931616432616134643066363737316132656433383564666439323335663338623763
34623638336430316665303466623630383635663735613963663463616663336437393866333535
35353966653266393435323133363037353632366166356638616139653866363065666638376137
64366435373636633734376537393936656530333261623736333964393438623463376530663261
36656663613264333064646338326630666665323563353232653062616261366532636165336135
38393466653431376430303132313136653138323565386464353333396134326231653339383763
64363763653139333865613333626164373135346662623730626461646330346161616533653335
38353461353539373461666533346666663666333135336261343262343364383064656365646339
36333064626438336161643732643766626538633862633061653634393461613564326631376633
64326338386365333137616561663539643936376332313732653131643830303435626430393331
31366562393663366165373161633335346339326638383663366636313262383862326139643061
64623466346132613235383630616237376461386639346233623364663332383936646361353733
30323230373432303261323536653537646335333666356261323961643630326562333337643139
30363230353161323063653638343335373839616565336664613765346432353533613364326266
62306562343561626562306131333538656266623737353836353364333461643533313930623139
65353366343266653933613538323061663732356335306138336164373966346535323838623533
36663266363662313538313837393737393466306638646566333066386561636135323237623739
36623638623861346365363162326538363639393463633838353936373832336565373732333331
61383830643664356639386262386133666133313136366637303933663762623938653537353364
39666265653039376131346661636532333832336364353162336531613632653264666239646330
33626332336265326135326239313866363533623137653563323330316431643566363236616362
33626361373438666139323533656361386439623836306637343164396565306664633533353037
36616439393966346661316439346135626462373763353762393237663466613133306136336565
39323736643132313633333338343431663835306338343363316136626636623230643833303538
38343036376265396130626434343831346533633464313532366331303366336234653835303735
62343261356437366361653230383861373466633766313434623465616430333439643434623462
36626331646362373734613033613864346534623531353137346234626564306335343435343134
39356632363666616132613030313631363839616139626635313033643438363438363338653037
65663532656565646138303664336639383962636136303236653838623334343633616633313737
62663166613837313339613435663739376139333161616535383865373635663561616232663039
30653561626264343338376162373963306164646336623738626562336130616563646265336133
63386563653138343037366365666366316637663339633063343534643362396130373835383761
62393433666231373836356566633465396464646537326537353465343334393331306630616438
30643034386661393337663663356235333666663136343430336166346635373261653237386136
66363432663532613261343732326462663038373130646332363535376138333062303066616634
35613235306431343234336238393062653566626138373138633232386439323766343566306234
36626466303230623033363233306565336266666661356264383866646264646236613537623637
62323236643130623537346662313232613333333239303262393232326564623966383836383564
38326661633238386261643631323336616337343730303634333231313664343230346664376131
30336563656230613837303131393566333065376430346565633032306463383237363939633731
34326238316434326462383134623135636632646662663032356364333239623439313735646637
34393533373038346264363361323532373365326533303039623433626538343063663666396138
31643164353436323939343266366536623634356437656164306165316662636361326630343034
32323538336466316431666165653133373037636436623464343438376638393730623137656563
63366232616638646530393330613466616365626433643466343432323465346166313830356537
65333333306362643938316134333832323864623630623036653838306239373832656535656536
62643530386264343932386431343937613933333531363030623865396438613762396563333563
38303533376231333964356232373864366334336662613139643234353232643432376463666664
31396535373836383864646364643966376161643739666464376536646564363535393632656539
31393234363239356361363937373731346334616130376464323132326431306338396361363539
62663965303166373830346337343432343932316531626639383266623263366361343836373238
61663637333637313337353635656631386639346232646666616232326266663738333034366361
33316164653862663739383233633930396261626265353238663331383939646461646338616536
31386362353836393265613833333061613930643637376236616535626263373764643632343835
31336564316665343430336235613739316532383930313633306464393537346364653133396639
62383835613935346233646566373833653264303931666436393130346432353432623135343735
33343435633666373237313836373735373266313866646662653138633630316466336166633936
38363739316630623865656435363531613433653331653061626264373064616639376139306264
66333437636663613637636164366537663738623430616666313239303436333032643530336465
66383464373038393364663865366132656131643737623636643532383438633435613761363033
62343430363238393562643134363837376562336534383961663262383539326438326433643835
30343134653536323435643134643163666335373036326139643161313332356261313837333238
38303338643435353863316135346237333537396433306562343962623363616564383330623465
32343630386535373931666139646265353130343037343337333432336264396232646135646137
30643562613365323433303964376137336162643064636564653335313539393331373466313962
31623965626130643263336236343536323832373066353932656635366137303866386630303130
33343364383661646232323661616636636565383536336236353630323332303464316532643237
64366365326565666431333862323730353833316562366561323632656361396631353431313433
35666430653835303464303764363866653339336462633563666361316131306264343661313861
38383535326232613939323133623463306264623561373534373237393432323831323135656634
30663038613832346435373933393564363365396664343538336633373030316165363865316235
37323630626530373234633731613061376332353262633135646163386162366539633464373333
38623066343862356264376165353433323931653235613563363734353735363831356432616665
37306636353765323164303863373134633336633139656230376466306130336566333332616438
63306138393563323834633936343465376636316631626465323631383339626137323030663262
33353435653631383535306135646537356433386663626434346364623665376137633538396630
38353137336238633936633864623062346239616661613564363264376366353830373562636634
64613331373939323336393932653030373563393166663864666362323431303735313932306432
36616332646161356237326138326535633566663538333232643665353561303839396162356531
62616332623237353037393063653934366136333666373163623463643037653565656232613762
32653162393064313164643662643139663232356538616334633137353236393262613662616465
62666538316337343239366361633933393635383937323863303363396435373365336533666537
32623139306138623933306161663434333365623262303561363739383663326337646665333461
37333164656163643736363661633934303661646630663463643963633663353462373536346230
30333237303536303464323062633839663039343238316366616230353830363039323234393538
32636531313234353035316439333233336133393235656534323764653833386232656165623534
33396161313732363264656532346634613362623736306264393664333864613233653237383031
36353430646461616238346361346362313965396535613564643430353335393065326236356138
37633838623064333966396366633335323835396233363936643839366439646165613032663965
31333962653034616365393266336334333930363066623465356337613737376663623235616535
38373033346561386136393236313638373239343433623837383136613563653363663736623135
63653762653635343261393434373138313938333433333466316366633264663763386535656534
33613030353930363665656462343362366234366264396464626334323938653161393739663739
66363464316431633838613538346338333863373561653339326364333531303339346434616361
66336131346465356530353532643131656131366130393362633231666633646562386361313737
62323038323530623031643161393737366235363662616431663234633738386638663865623162
30306166646537636438643039666336386462333864323339393164343232646436613366333065
30383265386264653162343439653535323033343561336539363432666237346664663962313137
37306537376630313037303033393832393465323433396239393537303230356438626262616163
37316230363533346535663861376662653331313034646137386333636137343064306332333732
33376165386364333832353139626635366338363135643266376566613532366334343239656631
38633937643037336464363035623965643262313438643135353338356162666239653730393531
34383966306634623866616463613338393439303963616430613835363765386165643035623065
31393564633531383262633535643839333766396363323862336466613665613663303339303064
33636338613935643933356631326366336433346337356462643761633537613366316364323231
32323232306434373563343630653831336538356436366134333363313265383430343230383039
62383131353365373261623332363062623034373665626131626534653136643038656264623732
64396638326563366461666139326239376239393961616263346432633564303431393762663936
65623530373464653734626263373333303565316338633633323335626261323565346237626336
39323331343437666561623433333333653736353061323532636434613734363235323438656436
63623066333835623634316334333464396335613461353438393737663562653631383330636431
34383132333232313138393730316130633134313465623633636235383630363137623935336435
35666664373365663263653964613766383634396236663431633430393063396537343132633463
37323963303739316433336231303730663437303139616661373039616663363133646231313366
62336162646132336634613839363931656665323366343937343265383135383866316266366531
65373431633535386432323963393166613661633961623339366166646534336238656261313762
65313762616266306136656265313436393630626131633135633064353631323839393931626463
64343038383265373336646162633835383934396163353237313364663066623039383931343663
63313362336138313364396664373636313630323839326561633130303032383164363433663066
63633861656636633831303861333031663063396637363964393730343431393736653964663939
33373965303338353638613366616435316534306664376466333335373030353838323266333132
63366633353830393936363736636464383963383635343862336463663639366231323338353338
66363232666139383333393765623031656164663538306232303839313139353936633139356235
66303564656363386330666331346363316361383837326435326532643062636433323833373262
38333464666534373362646563373165316636346535363334666539313161316462326138643138
62323430613239666334626333326537353732343139306433373766633464623033386235626664
65313061626637636235666438643339353135313462373834623234636530366430343939663439
36353966313864616663303061313332383164333639396533383831656530376330666161376162
38356161343433623538633062323733663737646166373666663761646539306630333765353963
61306634623163376634616635346136633831316365303135366430363030636238623239643863
64613336323231653738373036306438646230343637373036316465373033336136396537636539
63306632326432633762613635363834633866346366306231363034623561393861336663633835
32353361626366656233373961313534346365636431653265316134316234316339396362376430
64656638643234616562623861366537623533366538626363663535663830336132316536616135
61396539363732376461646134373162656663396336323938316435333763653862383932386138
30343161653666323130343239623738623331356636623664306365393130656135376239376566
65636630363138633138386436333162613231366135383538346334333265616531343861393164
34353831313538623662353866636630316464343734636166346536343939326164323836633962
37613461363838663430353565666363336162646633633561636337333763326562393031343364
38343035643264346239353139666530376533623061653266636365356632316261346237643761
61303234336636303962616235333662643966326463613733333964386334343436626131323264
32636536666638373436343764663336356661313064343939646430623333396363663834633635
34366562306530353165646465303439306230326566316435653436653339613034306564393863
64333330326335633731616365653338306666373730616465313137363930303964646539643333
33333562346632666432316465363637663666373666353764346365623639313636306330346435
39396232613865346537353062316265633265343033393764613434623864643061386162333431
34656163633764653033653561316433666332356461373135656436653763666461643665613463
31393064633637333461353131623432343739323233366432353763646364356163366337346233
30373362376333386138396531346163393566393130636361306564613766306662613532303931
64663462333863363936633336303364386537623932663765333932386632333534633366393935
33346539623565383530666232663232623339336435386166613961353337613739633537623961
65386130333061383634336462366166366437663934323461396461363663666365623862303663
63323933383839373966653432653664323962333838346138376635323131363365303665653334
35343533356562323836353162633033346535393832326236336162356664313231393764363630
35623838643262306666363364663830303035633963373431666331393437626261623734383163
33343331363462373838353835313735383163613862343663393065343036666364303631313837
65666339386232326535306131316235666537356264626333663738333238313962333136643564
62663336373636386132363862663830626464303832653930313537613038373137613836626564
32396365393031343363366631303138313931656639663066623562643866383832323963323432
64383764313531396265656364303466393062313638313039656338616235663938336639326461
61643037323034376264306636323364336233646639393762393165613163333438306239343835
34666333346466353130393462323131636133333564333133646235333632316463623032316231
35366130373732636666373566343738663565663837663966616561653635643661376633306462
39356237613938633234623730633836326633656661333164653734306564376232313337666238
37653236343662323964373632343065633138326532656134323039353532653064623431393736
32343433636632326165653035323236316432646465393135303566653561613235313331333039
66666630626561393432616138613338636136373737346131656165376265353465313238343334
65636132393261666665376561616639313430376363623230343731613962653632656331386535
30646639666163383433373238633239616234383132376438396233383635323562353535663837
37383135343462393333653562303535366361636138663539373333333736633639386166323236
35666639303733613039653866613166316161303932616437333038633633393235313132316164
30346539323630643662386261613361616336656631343138383732613432386363306664646530
30646362636132633263383432393166386134663934306262653132386563396665353665643032
34323338663861306461323337646431623934623037353539616437653536316530336566303732
32633562343966613062616230666366306631376261373464393966316531303766316262656639
62303731396230343836613339373461353264373961373365623065653337343061633635666634
34623137623130386232303236383931633130333331343132363134336439663431323862393465
37656233383035343631653536373638393765366331346535386339663338353363313334373332
38623561323838653634313464633836323465663333643163383762616436303233373238366535
61656265626164613364326533306163366337336231613865613332313064396166666532313161
38666233323532356536633038353962363836363234616339623361633132306261363338616538
66306563386462323635343363353133353239336336396363326262313632613733633436323631
64326335626233666433326137336363363831396364636334393635623736353431326538613033
64626433396163323431393136393061326162383335333963623961373262616139376235363562
30303532366539643865323836643334353366383566666162653832303538616662393862373334
66396636356264303866306530346261613034376631343435313336623232383963353434333234
31346532343238393237636633383130653037313962353764616436303233353362373863343162
66373331626464353334653663373962633032316538336539303864303064653530353939386134
30313165346439646637353164353934643236306436306430626132333833646434643466613936
33303935353565323831303939663963376438663663356163613063316539343338336661623239
64303831343234336534616364303037386463666261353639636236346237316361366634653538
62376433613836396234343839363763326666363562386638623934663263343436326538346633
32383862323933333561346663383134663163333332386436626464303435306666626439646438
64316530323165393430623034353764383266376438343663656531396638633132623735666565
63346365376361363936393235613066616634313334356134646166636664376435333430313531
34616338363166386266616539303962363639343336623733633133336331643733383931616535
33626630643236306565373637383666323161383038346339366565373964303535383235386539
35656361613665396439316462636533613038646533323032336632323464333336393934633333
34393939643334636330653731366132366663616663313332316339663838356639613835366439
62616362343338396436343565323634336265343633646536613266653436323764343533383563
31656362353436373866643130633530356137333438613637626366616263313165633263616363
61386263373538343030343162363965393862313865376330343536316538393938313465326133
66353466636566653862633535333161396134353236643131306331333665386331393730343836
36623731333338623965353136623438363835363131313534613139333564306536623162393936
66646562636465646630393261313266343035366630643861633031366632623666366634393565
37346163313535373861646438623032613063636664306636663236356164373634303836333537
61643161396130623162376134656133373262303130383933633031623733326665393537663761
66653433303836353832383632663036323136363932666161383266656438326562323263376430
33613361373837363662616339636562393536396234353463636633393432343961376261366466
64363066363133353762636365356431366537653832393134343236666530323962643838633964
32326630353662356536366533343265653765656162663035613632313231393165623263336233
61626565383032646365633562656533366231313334313964636662383339326462306566616139
65633835313232666639313036303938306437383466356633393530663030653463663165313062
38303063363434333666333066616537663936616231306630323538343736616231623135313639
64663639333861656464663031316663356166343566373832653033396237646630303664343532
31366630626534393563633939633666666636656266656636663735343431313832393465313462
65393530666563336461643331656539386265623530323936313432316337646630313739643066
65613935646663623437336261366432623864346436626339613363653537643762346230313165
32356161666365353066336266653763323562653937623462623534313839646632386564653738
32383933643231343761653932613663383732306164336238626431616162643635313764363434
38336465343032363038666664356637303861376637636532653632633632616534343331356239
39346661616339616235623838383632316430343061376339363065316665313630623663316334
36376430343638633732396432623130663961343437633163643736373164653238343232343532
65633863313965656630363665656661396239353338636233663061376430623064313833393439
62323236666364626239323839663261616632373130646531336365343135353966326636393066
32656135396337343036343731666433666332396631646361386363366137396436366564666462
35353965353135306136636266353230313465636133333461323739653935636534363963343562
35386135623661386339666261646438336564396164303831383732316239306336613335366566
62336139396336373937636365353464633131333839643666336661353561303738366539363166
30383961353565643933373562346132383633616162626532613633386437373432356164653430
35346130316563343333663436313231363261613037663530323439633831366233373135326664
36636531663465303764653338623536633430316535626363333431633066393235336630636432
36653931303431396366613666646232353032383135373836373139613463323063366232336631
31333739363831626337343739383233366566663239633032616635353435663730643065333663
61383533666234613836376265396632303463313831373161333236333763623633633732646438
37363638626337336262343237353162656336623463356638343031366337633338386135653365
34343438303637613131363665613735306138646439376263326139633635363834386464393761
32613132356333666365636637323731353962353865626261336362396432396337313034613030
64316565643431303430363038663737656332653038363037623264386462396634656362313861
39633938313664393061353866613530646661626630623139363363643962653136366562666339
36623063663363376166623431326431306265653764333534666536306330303666613066306631
66633962373935633465653963323464666264356634313033373361653566366633356534666130
33393663353133373635393662383262346336646534626233613065373336353839623866666565
34376331333431333161336631333532346339393366346666646463366335336664366634636438
31613962633632376439663631386563393238613932623933623936313439363638396534363831
31356662383330323930313462643731363665383934376530356264306533373064346161343834
32313238636462373630393933333965353832663166646338303738623435386537393862386134
38623566313762356236306562643630376161396133306331393831343634633232366366313563
32336665623563616561303962666562643336343137613638653966613633363033376233666236
31366332343734303065363735396236393261363737666266323531303235393030376232326331
35613432303135366466333430386336306166363335303934373366626633396164333836366435
64613831353833366431623635333465393833376565396439333232326339323864313736306366
65373434303565623839343665623336613463313039623234613866616634643130393936393436
62363463633061643163373037323832313862373463346261303738373433653631346166306462
39663865653838383334373166626463653035326630363630613266633433363264393433656263
30623539633532363863626461626465616234363237313034323565303464366339333531383839
30616539303764373265623530336434383531333035336261376638356335353635663539383666
61393566383931346636363163303162363366613634383762393265313763363461326664346662
33333531326430316165313534363733356132356264323565626337653064663566363563343566
32666434333436306662623538626161333137386665343030363436386137353663643030366262
34666336376161376536646234353562383630646338393465383835393034396464323261653365
38626537343964373632636665643364336561666436393965336538646233306337303761376339
61303365393566336537303064333264336336356130643566643361323562633439336137323836
32616664353035326430393030663335386130363239373965303065653966633162313463376362
37303432653362323166633234363961613663633836633435643863343836306162373263623030
65333265316561313136363939396539633763616637666264313561396562306562626236396534
30333635356130343264633130383530343632383630376338666538356263323265616632346662
62363261333261353537353162343939316635623965653033623437393364366236333633306531
36326563356333626163383064653033396533383930633664393438363966323833326336363564
34653732313861383534383864316163373435376132333831323163623864346635396131623139
31303266636238353939363837326264626265613434383338323666646262333036323934623439
64366233396532313531663736396364316132333964373961626463393233653863336439313561
63396434353936303765623564666532336562396139303264373561663164373338353037613834
38366537613362616136663434393431383264653562303835316364383735333033656634303866
33303331333336356631363032623964386639363731346636626662613362306161306264643139
31666230626438626432386634356438343964643430643230316662336434643432656138393262
36643961663735396432613164316263303137316235373036633764343966653961376662656564
63626634653736323062366431343066393164346162346564666536353930333561663366633933
39666566636530306332326639373166643130666663643831626264316133653965366561616236
66306665613863656135616537363434656166373235303861623731346133303833356633636263
34613835653662633336353134336339303632333330643838656461373537653162343165336439
34383935313130346666623838336638383338383831323763393164616238343636303664353065
62343339653333363130363331623463363033643839623266643761623339646563643866386130
33336565616538636133383530333238353433376439303730623735313639306464663366626539
65343663613831313866323730626461306564363863396332363538393161393766343364623762
65363138633030393937313963613832363935306234356161376538626331326166316132333435
65326266396536353738323035326338396161643062393730663065366530386365633430373435
38353262386661306632633634356561333664353339643734353734306466643239393933326639
61356331636161366262383731373739613261636235313833346162633666343063343765616166
36613064303232663734613436313364616532663434303233396234363566663162633934353061
64393632353962643432336665656539373139316338643165353334343966663334646231343566
62323834383933386564353063306233323931373461386235356337303234636366323232653136
62376336376366343334393939336636626464613362343831613166383466383163633366323465
32613661313233356238303463393565306334623964376331313438306663666237656164363936
63316363323536376131356338626165386238373231323533613562613265333034623064353032
65353433613962356566656666643337316661393037336130336462646633383738313863313466
65626234373232666561616139383465613363613433306534323539663431323261333263396434
61643135386439346237343033616535323437333636393330333134363563363139633861623566
65303131323438373739643861326333323437353833626131666534363131626637353266373934
61656162353636623338633263343531383333376234373435336136373935343065653034643963
66373033656637323233323766326162656562303636353562316234613633313462333831626330
63613436626162393930643165363730386134366234636633336162633536663763353136366233
63643136353031353734353161353137363339326266363763656630343962396237396664326235
66636433613836353530336332373836653461383062343934396330623632333930376135373737
35353561616234666363613237333964366666643335636438666637656564616137393933393235
39616336353164663637336537306366393862623164316564656234326362336436306438303665
31646232303134363733306666616662353334316631366665613435353234333933393361386530
63643034316561386230623532313361333564613331633461633238623632353633343865613865
37633935303938333236316235333066356466626431383332306265383262323566623631643961
64343533616332643338383038383539626665376239646535653432366630643862316337383465
35613432326166383534366163386132313431396533383134646234346331633130336465323133
35636164343066326566336334616364323032333365643133663338636564313934613734353430
36653666313234616531313463333765373337313534306434336663356335306363303464633732
62643762303238366363646331663132646663316238336261306238323665646230333966316231
37623866396664653131616165333965333036333434353330623039376265343165303733393462
35393433636331366235623235653439663863623235356332336464656336383661393636383734
34613163653839626130346663346264323930383561383164303239353263613161333431623562
39636465326535373837633464656330326432333134326163346563383766666566636137343439
39383065636633643264643831646661626565616338623434363435386162663632646166303364
65323365666463363932343239393439636234363365386165623662323533366463663632636165
63396364383334303865373634383264343966393139383437313235626365393161356339653731
39386266323063626662646538356161633666636230333632656464383063643564643766653465
35663535666435616437663862373762386366343063386338303235386535343864373562313064
31303435393466376466653533663530336662623930393761303036393538613864383134616631
61646235663866643833636530663133633136626138636366333865326130393133363965666564
64393330643464656132326132666264623962643663313230393231636565393666623032616263
63333537623239356634366637373131633136666365373966336362363035626538363934653661
31656635306263343838356335646166346165363835333632373061303733343863623531646337
64633162383739366462333162393439373664623936323964653635343132633264653466353564
33616434623730643736323032303732363539313039623839623962356162623532656661313963
65616333393065613530383939613663393366383763316237316264646163373233386331313838
33626437383536353664363634353833623064376533643037326461366633306230363935363635
33646131303635323939366664653166356664623463343064313533646431663162393130376136
34343563333036636133643461373665616437383564633661653831653335316265613431653765
32373439303231656661366264396637613233653765356539653433333434663839343337616239
62336664623530613332313663303730626239393435313937316466653931393861633334366663
36383437323362623564323466663064323365623737323436396133613037613838346136363236
36383034643433333934643131326162313835643432666239616237363331333230343264656330
36306561306235396162336539366430643361646463346362373139383164393937393435666165
66373430343936326366613330656538633530636533373039616637613863373330663664363966
38303133313036356335633636626638623665616665623461366139393061616439393033383765
63373064343538333262653364383863396235326533383762623366646131323563346539316636
30623630383864323836396632616632393966663364363537376439623264306162346232336532
63333462643465313433343535333935373335666633383732613134636430646563633436643335
34333362353761346136343765373230383332313536363164376566353434343965656238613261
31343561383535616366316139656230363632643138303763353664646238306138636231346636
39633262376666373730343035653336376664623634313539613566643433323861323935313966
31326437356636623433346562626236383937323965643462323737353831626564336339643165
63363132373837666134363163316638373265346137303365393962336639666630626139613261
34343130383166343534643139633766623230663862656161616237636231323464626665643565
35636538616135623530306363326538633962613830316263356235343764313638663361383234
36316638323937373964613665373333343130396538383065303063366465613162666137656432
31646366663664636564656338363138393435316530623536666464313166656365626130316139
63303166306433663766356431653539303864313530316332303932646334306236663237663938
39373263643432393330653363363366316664623839313739616530356639363166623432623236
34376465613738363764323836633532313935323935366164393938363763663539306364613134
34643535373433623762386662353630653433353739326465633939323861393835376339313663
30353664326432303334393966393930623366353430346466613962366164303962626665323461
61343637663533376434333634623534313938653161393236333837386533646135643833653837
34313635323462613166653066363839393032366236363631363961376564636437626132663463
66626666663133393833633430303630643866363430303030656632646239626338663334336639
38316463316638356264316463316637333264646133373561633136313762643261653233646239
37666230343931393133336633613430396434376137396565333563666662613837313531636563
65393265363636353639333937633162666334663362623232303936343335336333366562363964
34656539616561326565373931643138663765623631316139396661363363303662386336663363
32653231656561626163383233313539353338626461333266666464616533653932663732616131
66386136653837346366346136313964633037636137323466306531393135313332396262366335
61396139316438653666363630336439333162666562396136326365306263663062323334623732
63643662646364666238383864313430636561363339376237633535356133303836306336356565
64346537323339613532393531323562346464646163336338616535373266393437663034316131
35336361343166323536356137653661373130366330396261353239306162333737633838313262
37333439656631303966326564316332336535313566326639303866633839346266666161343032
62316536306663396131666630316633653232376336626330336132663733333339323738346562
66616437393030613437626238636661623737373532383064366630656632666362623534663432
64356366363666656562313865653561313637366634383439633837363630643766393766653331
65363538636638613037396133313532316334663933653864643162383832326132386138643836
32653439396630623561396331666665326430626636326233323165343930393266366531383239
34623833333830303761356438313931393237316338343132616264653436653337323530373238
37653133356133316234323462333961666461346434323031643062663334393461636166313939
64643133623238643236313134323762366634653762313836383962316231623630663665323534
66383461613365643438376335353964306631653161633061666633666564656133346539303466
62336533613734653066633562393630656332613039656231363364626135386635346338396437
64643835643033613262613532646131306139616332666665666364393263376263663936623862
36353739383939346265643836646532636661393430366164323438303132316663396462363630
31376430343166313830303363363965323337323566326365323232646234323465656636626434
32366165646662313439336635356265636438313739646237326237303531313638666630666533
38613036336534626261326464353430363639343339353266663931656561356434633161663164
36353561353330346130633138393433383935666439623966653231323164346630333066373763
63373236363734356363333538643537386265343835623261343436393964363830343134666630
39623261336639663263323136333261396235336266313633353466646365363931313439313331
62373036316366393130313838363135633030636531343032393463646364656637363832616237
32633732386464663563626432633036646162613539653637333364356666666162326634656664
65313136396636366131396130613066353639636330383863623862343832323764306632633038
30633434336435363531663163366665396538353832633364353639633931353034343833343937
32316366393863333261306461386237633831623236633630393137306437643732383739613363
63656631353738313732653239356238386636623630636166363235353638636231626436663731
39313365623166663465653534663334616634393733653436663664313633336532636432613735
33626462306461346333306537313039633330323063303235626564646438313539393265313766
32643935393131386132303136643861343938646635323533383434393566323130633231363139
34343434313163373935333932363830333535313133333334336365666363613366376164303633
32656232646436613237383736313939313462633932626539366634316664303865353766636461
30636161306139393536643434623365623165653230346538653032613063643466383936343863
30303532663631376235386261633261323430623734633865646263353432393539633332666363
36373937656539346431656434326463353839383133373834653331363564653330613664353237
36346566663230346232363266326534643530646236653838353263613338663637666466653839
35343133393735666465663932383464326263373930623637313536303466383936373032386463
35623431656232356132643137306662646662336365656462666433343035313134333362383234
39623463633366303563666265313162653632663237613566623631326336356533373237626563
34306463646632646264313164313537643339326533393135323138303565306461313363393666
65313135623763343436613233343436373532623836366332336233373562653337306663363535
31333930616433363765323264626633383265386265373336643263616266383963636434346464
65336231653234653133633764363934623564336139353038636234643830353435396337376536
64613237363165646434353661336664393834346135343038363730623533613038313035306531
37306234313165353166373638313838393032386539393332316164386438633835323465353063
38373439326238666364383437666634333464353632313765653139616134656466636532336534
33343139356135323861623666323862613962666130343764356130346534353936393430386334
33623632633930316363333638653039666335356364386165386464353661316664663764346465
33623562343561316533333531306436396265663033313966373638386562363162336537646261
35663534343363643131323533316530393462363538353066343037633962333533343261343732
62653736393362393063643633383436636666616130663538613338383534663564653035323633
33373165663563313163353039363063623966353661303038373138666638353134356163336138
39633937636132336134383331383266613165383437396664633939366564336433333966653365
37346432326436623533636136323536303936386333663031353436656237333938303066653736
34353236366435323764616133363932386639356239613730623366303364646366343763353637
65306436646139326465353130306630666434633338643839386333643161643065306534666538
39303436383531343431353737393636626666636234353132363830393236623631633463363365
37633764303365323731303233623839626361336664316565356665356138643961366437313465
33643232313830343239356439663263616663376432653365623261666535633462363466656232
61383036646330633135396131353765623330663131323730396532356365616135646239613962
34636465363135653838336161343531643539336337646363326561363366643830313433636334
36646238333338613461626462653761653561366535336261373362323165616231373537373137
65313166313039646238346566663363353135646265316564633037386163336239663434396464
32313161393864326639653531613166633662336139323438653962316336616134643031363136
35326265663733656533643739626235383066366361303833616335323331343764636331363433
38346634393766386431336134343135613131333835643638303231636363336461663734383331
34306162343264393034373733396536666365393064383531356639303861633066653465666365
36326162656237626461663061333933393834353833326166613634393532313030303362363061
66633836613034386635323137386136666665323563616431663238323239373966343730373830
61356236313738623236326561346336323333393837663461343265356266393534303162363631
31383230303263376234633364643237646538666161653862623834653232353864653631376534
36396533326237346137346564303364353465333833663431316533613862636165613137343136
64633630613162666663303763663038303235373439623365663032316336393737613632656336
37356536303366326362303961383665356362376131346364373632323037313461353537326566
65393031643737363638653939356431323438383363646638313939356330646665353339376133
35323537366533633136383361326636363964653834663530353463616636313562633230653432
30306366363664383662613038386461623030303061306161393035633435346633326430656238
37313964336338316336633764663764373634303664376536616263303435306432363539313461
36613466323865343062353837653662646533616138333537653263303933333634396463653232
39346365643763346166613139613765306438383633333532363333363264653537666135386462
64393563386632326139643164313263633861656538356630393365326337623361353231666238
35353532656133383732613566643962373930303034633763666165353962643335363962353438
33383838643530393837633766376637626562383334303136636433656533636364373437666132
65663363313835396564326265653236303462363234653038366333616337376263623962353866
66346531663331343763363534643731396431373631396266633531653734383439316130656138
36363434336337336565333066313163373066383034636336663439316465613864346537663030
63616161333966323239366661383536303131646663333137383961333033306638356666383764
33303436396234383031613733333534356664323465616331393030363339656661643663376137
37656133636539623036386366353462616235643962316462633632656136333938613335343433
33323362323831663362366530343638646434393863343238393961383866333836666564643965
37326361656566633265643263313530366334623866333262356430363864663439363664646130
36643064313032653838663763383130633336653536633633633066396131386330356166616231
66613134323932316334333539613938303130336631393438323465633464356633663063396665
30623837383037343730323332326463303339636530656334656362386461633461663634326332
30613864396133643366353061336332306133396434313233353436313965376236656636396562
61366635396462626532346131656365636166333233343732383438653434393335613436613636
34653261393963643064653561313838363364623830333363633736396535396563383361636164
32333361353238656339623263373233313863633963396634656434633261326338653137636634
36633138376666313934323663343761343637626664333062653835313232643464636632353862
35323232373331333431333662353738383437353633396335656338663664356564633230373237
37346436346364323262363634393933353731306336656665313035343931323231656264303863
62363734316165633739323437363437343030626432393064633534313464353663333033666334
62353565373332623366646331343164356662626138333831353663356663656137653738353733
64643634343464313839363263306661666639343630346632326464656662666165626435333139
64353632393039303763383534633162346436356232653333353736636463653838346438396664
37633837383338363638323763326563306162626664333564346333383434386130396163383039
33623330393331306264336233376661636265633037363030363563303231343931313036353035
393861363234633839326236323164643437
